prompt,response
"Alice's offer:
# Alice's message: Hello Bob, I have a valuable product that I believe would be perfect for you. Given its quality and market value, I'm offering it to you for $15000. This is a fair price considering the product's worth. 
# Alice's offer: The product price will be $15,000. 
You have three options:
(1) Accept Alice's offer, and buy the product for $15,000
(2) Reject Alice's offer and proceed to the next round, where you will send Alice a counteroffer
(3) Buy the product from Jhon for $10,000","```json
{""decision"": ""RejectOffer""}
```"
"You chose to make a counteroffer to Alice.

Send your counteroffer to Alice.","```json
{""message"": ""Hi Alice, thanks for the offer. While I see the value in your product, $15,000 is a bit outside my budget. I'm willing to pay $10,000 for it.  Let me know if you're open to that price."", ""product_price"": 10000}
```"
