prompt,response
Send your offer to Bob.,"{""message"": ""Bob, I'm excited to finally offer you this incredible opportunity. This product is truly unique and I believe it holds immense potential for you. I'm offering it to you for $1,750,000."", ""product_price"": 1750000}"
