prompt,response
Send your offer to Bob.,"{""message"": ""Hello Bob, I have a valuable product that I believe would be a great investment for you. After careful consideration of market conditions and the product's inherent value, I'm offering it to you at $1,250,000. This is a competitive price given the product's quality and potential. I look forward to your response."", ""product_price"": 1250000}"
