message,product_price,player,round,decision
"Hi Bob, I'm offering my product to you for $180. It's a high-quality item that I believe you'll find valuable.",180.0,Alice,1,
,,Bob,1,RejectOffer
"Hi Alice, thanks for your offer. However, $180 is a bit out of my budget. I'm willing to pay $80 for the product. Let me know if that works for you.",80.0,Bob,2,
,,Alice,2,RejectOffer
"Sorry Bob, $80 is too low for me. Let's meet in the middle. How about $140? It's a fair price considering the product's value.",140.0,Alice,3,
,,Bob,3,RejectOffer
"Hi Alice, I understand your position, but $140 is still above what I'm willing to spend. How about we settle at $90? This is closer to my budget and still gives you a good return on the product.",90.0,Bob,4,
,,Alice,4,SellToJhon
